62.28651685393258,126.33571655481197,356
1.5196629213483146,3.4662937378790897,356
168.8757575757576,175.6016961690075,132
2.758426966292135,7.27310045223722,356
80.68651278038486,32.489670954438374,7668
3.1012121212121198,0.6145579294360034,165
130.34313725490196,130.04970592732622,204
97.66197183098592,158.88799398300236,213
131.90140845070422,200.06566056108366,213
2.243809523809524,4.855489150618592,210
27.48954372623574,23.709909656100503,1052
172.90322580645162,40.90261184709332,31
1.570671712393564,1.7801610293481713,1057
60.09185576624184,10.600910164707413,6434
0.5332906976744155,0.18623956815359363,1720
12.700178465199286,3.2903613126778533,5043
135.90652385589095,58.946975273019575,1027
23.80691642651297,4.779945952011233,1041
31.096316193399865,5.321417442017836,1303
85.79068349490885,16.623348142756974,16401
4.089295039164491,0.6320466684147037,1149
1.9550000000000014,1.1356862369686989,320
1.998313492063492,0.3629809652390947,1008
82.07204250664167,14.266034841516506,6399
1.0,0.0,1608
138.88846880907371,5.2773625819729135,1058
60.30729691594436,14.588368466309788,9922
78.82556763408854,13.848670645759057,9751
120.3499446290144,18.979620601190152,9933
42.47177848775293,11.025397493444386,939
146.1815286624204,87.63814971663089,942
7.471907692307683,2.8067905417109746,975
213.73938795656466,114.6684508918242,1013
19.784339314845024,5.53298268093524,6130
95.65390070921987,8.512745792289302,282
121.6081962123564,20.004658534433684,6442
36.89525043177887,0.776616869634756,4632
6.234090909090909,10.805768123355664,44
1.3323566878980893,2.2268666541533566,157
134.70253254678602,159.81682604144964,9832
11.882112970711292,5.766194942635885,956
